0.531250,6501,691,1681,41.11,131,431,30.39,548,826,66.34,2061,64.41,403,820,1223,38.22,401,543,219,110,729,6500,658,1618,40.67,162,494,32.79,592,892,66.37,2070,64.69,294,717,1011,31.59,375,452,253,140,673,
0.843750,6400,794,1781,44.58,172,539,31.91,515,709,72.64,2275,71.09,333,733,1066,33.31,449,348,221,143,598,6400,669,1659,40.33,170,476,35.71,441,621,71.01,1949,60.91,336,751,1087,33.97,344,507,163,85,612,
0.400000,6075,645,1599,40.34,152,487,31.21,392,547,71.66,1834,61.13,330,644,974,32.47,329,402,200,90,454,6075,732,1614,45.35,162,465,34.84,309,461,67.03,1935,64.50,326,698,1024,34.13,350,431,205,114,525,
0.266667,6032,670,1576,42.51,185,501,36.93,503,720,69.86,2028,67.60,296,723,1019,33.97,363,402,141,81,597,6050,751,1703,44.10,229,648,35.34,463,663,69.83,2194,73.13,338,723,1061,35.37,453,359,157,102,593,
0.466667,6025,695,1564,44.44,130,399,32.58,369,551,66.97,1889,62.97,327,684,1011,33.70,393,420,204,99,494,6025,689,1591,43.31,224,613,36.54,374,550,68.00,1976,65.87,318,645,963,32.10,445,392,214,96,520,
0.718750,6450,792,1828,43.33,177,557,31.78,488,723,67.50,2249,70.28,392,749,1141,35.66,413,391,275,86,597,6450,713,1674,42.59,189,591,31.98,449,636,70.60,2064,64.50,322,775,1097,34.28,404,505,187,108,617,
0.764706,6825,805,1825,44.11,200,573,34.90,549,817,67.20,2359,69.38,391,815,1206,35.47,462,405,241,72,606,6825,745,1782,41.81,168,543,30.94,423,627,67.46,2081,61.21,335,775,1110,32.65,324,487,174,136,667,
0.454545,6650,768,1745,44.01,217,547,39.67,441,654,67.43,2194,66.48,320,749,1069,32.39,471,416,223,94,626,6650,725,1682,43.10,233,625,37.28,486,700,69.43,2169,65.73,314,766,1080,32.73,394,463,187,122,600,
0.516129,6425,799,1866,42.82,169,643,26.28,433,712,60.81,2200,70.97,409,760,1169,37.71,433,448,250,136,589,6425,776,1869,41.52,230,659,34.90,437,658,66.41,2219,71.58,456,824,1280,41.29,449,512,201,138,622,
0.612903,6248,756,1807,41.84,201,646,31.11,563,768,73.31,2276,73.42,413,814,1227,39.58,409,414,183,126,564,6250,785,1891,41.51,212,690,30.72,423,606,69.80,2205,71.13,399,749,1148,37.03,424,383,183,117,644,
0.687500,6476,807,1867,43.22,192,579,33.16,452,654,69.11,2258,70.56,431,741,1172,36.62,442,431,238,163,585,6475,749,1776,42.17,205,560,36.61,415,603,68.82,2118,66.19,389,735,1124,35.12,357,478,210,112,570,
0.882353,6800,934,1857,50.30,210,570,36.84,557,792,70.33,2635,77.50,413,828,1241,36.50,531,498,340,189,580,6800,721,1867,38.62,184,554,33.21,430,612,70.26,2056,60.47,407,629,1036,30.47,375,587,224,93,639,
0.437500,6475,829,1859,44.59,201,579,34.72,532,782,68.03,2391,74.72,351,752,1103,34.47,440,439,232,130,598,6475,825,1910,43.19,233,626,37.22,483,668,72.31,2366,73.94,396,791,1187,37.09,415,469,212,148,654,
0.137931,5800,639,1677,38.10,151,485,31.13,431,642,67.13,1860,64.14,380,661,1041,35.90,313,454,205,97,558,5800,774,1649,46.94,194,517,37.52,473,659,71.78,2215,76.38,325,761,1086,37.45,485,411,210,132,542,
0.741935,6325,772,1819,42.44,144,468,30.77,567,785,72.23,2255,72.74,402,764,1166,37.61,367,386,223,145,593,6325,701,1766,39.69,168,556,30.22,442,632,69.94,2012,64.90,393,743,1136,36.65,387,492,156,134,662,
0.516129,6350,745,1681,44.32,194,542,35.79,545,744,73.25,2229,71.90,302,760,1062,34.26,384,436,186,78,595,6350,787,1800,43.72,180,574,31.36,479,689,69.52,2233,72.03,350,717,1067,34.42,395,399,181,108,621,
0.718750,6426,890,1984,44.86,207,622,33.28,443,634,69.87,2430,75.94,431,686,1117,34.91,483,355,258,159,525,6425,856,1813,47.21,169,473,35.73,360,547,65.81,2241,70.03,371,759,1130,35.31,422,498,157,80,589,
0.214286,5650,596,1440,41.39,183,577,31.72,376,502,74.90,1751,62.54,263,590,853,30.46,376,420,147,54,535,5650,705,1481,47.60,200,519,38.54,421,580,72.59,2031,72.54,276,641,917,32.75,400,350,199,92,481,
0.344828,5900,693,1596,43.42,192,519,36.99,377,550,68.55,1955,67.41,320,676,996,34.34,384,434,181,59,540,5900,718,1602,44.82,204,571,35.73,429,589,72.84,2069,71.34,280,677,957,33.00,424,369,202,92,532,
0.606061,6675,826,1865,44.29,153,484,31.61,508,745,68.19,2313,70.09,406,866,1272,38.55,396,450,205,149,595,6675,801,1901,42.14,194,538,36.06,386,587,65.76,2182,66.12,346,757,1103,33.42,408,418,209,112,644,
0.343750,6475,751,1789,41.98,156,500,31.20,624,933,66.88,2282,71.31,431,783,1214,37.94,358,561,239,99,740,6474,772,1824,42.32,240,695,34.53,628,875,71.77,2412,75.38,420,768,1188,37.12,477,521,254,109,728,
0.400000,6000,756,1718,44.00,164,487,33.68,435,652,66.72,2111,70.37,420,747,1167,38.90,415,471,187,140,517,5998,787,1803,43.65,208,604,34.44,411,604,68.05,2193,73.10,374,660,1034,34.47,470,352,244,114,540,
0.468750,6300,804,1811,44.40,200,540,37.04,442,673,65.68,2250,72.58,378,815,1193,38.48,442,437,162,155,490,6300,801,1916,41.81,206,612,33.66,366,509,71.91,2174,70.13,373,755,1128,36.39,385,394,231,95,573,
0.419355,6250,690,1632,42.28,158,544,29.04,371,558,66.49,1909,61.58,359,719,1078,34.77,299,439,166,122,530,6250,740,1725,42.90,219,620,35.32,383,572,66.96,2082,67.16,378,690,1068,34.45,403,354,193,78,520,
0.500000,6001,651,1588,40.99,229,615,37.24,406,611,66.45,1937,64.57,371,634,1005,33.50,321,427,246,85,654,6000,600,1410,42.55,159,453,35.10,565,774,73.00,1924,64.13,302,671,973,32.43,301,459,175,99,562,
0.774194,6225,856,1842,46.47,239,635,37.64,608,810,75.06,2559,82.55,416,795,1211,39.06,430,429,241,121,694,6225,713,1752,40.70,228,675,33.78,605,858,70.51,2259,72.87,373,677,1050,33.87,432,471,205,136,654,
0.468750,6450,732,1758,41.64,227,760,29.87,368,509,72.30,2059,64.34,320,670,990,30.94,456,326,223,68,468,6450,752,1698,44.29,177,553,32.01,289,428,67.52,1970,61.56,349,764,1113,34.78,430,452,165,97,513,
0.666667,6075,766,1721,44.51,243,685,35.47,524,720,72.78,2299,76.63,356,728,1084,36.13,390,364,195,92,589,6075,722,1636,44.13,188,518,36.29,494,681,72.54,2126,70.87,290,706,996,33.20,323,410,190,111,597,
0.071429,5600,645,1698,37.99,134,482,27.80,369,544,67.83,1793,64.04,359,687,1046,37.36,273,437,157,115,556,5600,786,1729,45.46,175,515,33.98,473,683,69.25,2220,79.29,362,783,1145,40.89,433,344,237,109,502,
0.633333,6050,740,1683,43.97,190,523,36.33,451,593,76.05,2121,70.70,342,687,1029,34.30,352,347,199,50,499,6050,727,1618,44.93,169,595,28.40,360,529,68.05,1983,66.10,300,668,968,32.27,350,405,165,104,550,
0.218750,6450,710,1736,40.90,194,585,33.16,393,545,72.11,2007,62.72,399,757,1156,36.12,380,517,187,97,602,6450,778,1788,43.51,222,609,36.45,434,628,69.11,2212,69.12,355,710,1065,33.28,433,392,260,129,536,
0.705882,6875,909,1779,51.10,195,497,39.24,526,742,70.89,2539,74.68,330,787,1117,32.85,521,480,301,155,540,6875,826,1917,43.09,249,691,36.03,385,561,68.63,2286,67.24,390,670,1060,31.18,465,498,219,93,626,
0.586207,5851,607,1485,40.88,145,444,32.66,338,499,67.74,1697,58.52,328,481,809,27.90,300,332,239,71,440,5850,621,1300,47.77,149,390,38.21,300,465,64.52,1691,58.31,292,620,912,31.45,328,496,141,86,489,
0.290323,6249,761,1707,44.58,161,423,38.06,464,662,70.09,2147,69.26,382,754,1136,36.65,409,447,134,89,551,6251,796,1817,43.81,218,617,35.33,413,594,69.53,2223,71.71,352,656,1008,32.52,480,340,222,118,591,
0.617647,6900,862,1900,45.37,225,663,33.94,473,672,70.39,2422,71.24,393,799,1192,35.06,432,441,218,100,580,6900,843,1892,44.56,198,598,33.11,385,566,68.02,2269,66.74,356,754,1110,32.65,395,471,190,95,633,
0.343750,6450,680,1652,41.16,220,616,35.71,416,584,71.23,1996,62.38,299,673,972,30.38,367,429,213,96,585,6450,724,1592,45.48,190,506,37.55,481,702,68.52,2119,66.22,304,756,1060,33.12,376,432,222,114,560,
0.709677,6225,762,1675,45.49,180,537,33.52,419,649,64.56,2123,68.48,395,784,1179,38.03,431,520,260,196,553,6225,639,1709,37.39,200,608,32.89,387,579,66.84,1865,60.16,379,627,1006,32.45,301,498,249,73,576,
0.354839,6325,681,1603,42.48,184,534,34.46,395,571,69.18,1941,62.61,304,793,1097,35.39,447,458,109,81,590,6327,732,1709,42.83,169,477,35.43,450,664,67.77,2083,67.19,294,703,997,32.16,387,297,245,90,534,
0.718750,6475,897,1884,47.61,209,559,37.39,552,805,68.57,2555,79.84,398,862,1260,39.38,514,408,203,255,582,6475,768,1957,39.24,171,551,31.03,472,679,69.51,2179,68.09,429,728,1157,36.16,382,436,199,87,646,
0.454545,6600,750,1763,42.54,215,675,31.85,473,698,67.77,2188,66.30,343,761,1104,33.45,466,462,261,143,555,6599,771,1810,42.60,247,664,37.20,418,618,67.64,2207,66.88,371,785,1156,35.03,451,467,219,110,598,
0.281250,6450,760,1837,41.37,229,716,31.98,392,605,64.79,2141,66.91,329,731,1060,33.12,401,422,192,64,599,6450,846,1842,45.93,211,596,35.40,432,649,66.56,2335,72.97,378,855,1233,38.53,441,453,193,130,614,
0.606061,6675,765,1759,43.49,308,858,35.90,449,629,71.38,2287,69.30,336,719,1055,31.97,551,362,216,131,626,6675,725,1723,42.08,207,660,31.36,505,699,72.25,2162,65.52,375,763,1138,34.48,485,430,185,112,626,
0.625000,6475,850,1900,44.74,257,758,33.91,486,691,70.33,2443,76.34,463,717,1180,36.88,498,438,249,134,644,6475,760,1782,42.65,197,575,34.26,510,729,69.96,2227,69.59,425,703,1128,35.25,427,491,209,67,631,
0.531250,6400,791,1794,44.09,175,500,35.00,435,615,70.73,2192,68.50,386,740,1126,35.19,429,410,249,127,583,6400,736,1734,42.45,181,570,31.75,420,633,66.35,2073,64.78,384,718,1102,34.44,358,446,186,131,533,
0.625000,6425,906,1916,47.29,235,632,37.18,355,545,65.14,2402,75.06,365,795,1160,36.25,410,395,227,111,517,6426,828,1914,43.26,254,712,35.67,384,565,67.96,2294,71.69,392,755,1147,35.84,436,428,175,80,531,
0.531250,6525,786,1727,45.51,200,547,36.56,548,790,69.37,2320,72.50,347,745,1092,34.12,429,458,189,107,547,6526,828,1864,44.42,226,613,36.87,435,620,70.16,2317,72.41,391,738,1129,35.28,437,432,233,126,667,
0.366667,6099,778,1692,45.98,128,436,29.36,435,684,63.60,2119,70.63,349,770,1119,37.30,342,542,251,96,681,6098,766,1788,42.84,181,588,30.78,547,844,64.81,2260,75.33,419,694,1113,37.10,405,449,223,113,570,
0.133333,6050,684,1656,41.30,150,464,32.33,375,544,68.93,1893,63.10,251,667,918,30.60,332,341,179,90,564,6050,758,1713,44.25,219,597,36.68,480,681,70.48,2215,73.83,400,805,1205,40.17,419,381,164,143,492,
0.764706,6825,879,1960,44.85,157,497,31.59,381,591,64.47,2296,67.53,517,815,1332,39.18,527,435,266,100,533,6825,703,1754,40.08,182,607,29.98,355,535,66.36,1943,57.15,342,692,1034,30.41,375,486,217,121,582,
0.558824,6850,933,2222,41.99,283,794,35.64,525,736,71.33,2674,78.65,432,724,1156,34.00,428,309,323,102,633,6850,897,1948,46.05,193,577,33.45,548,772,70.98,2535,74.56,452,978,1430,42.06,452,575,156,115,624,
0.852941,6800,902,2048,44.04,257,672,38.24,592,776,76.29,2653,78.03,497,831,1328,39.06,474,378,236,143,630,6800,762,1886,40.40,131,465,28.17,445,650,68.46,2100,61.76,401,726,1127,33.15,375,506,180,132,675,
0.290323,6200,722,1741,41.47,207,620,33.39,400,620,64.52,2051,66.16,391,744,1135,36.61,393,492,159,151,633,6200,788,1809,43.56,137,452,30.31,502,754,66.58,2215,71.45,421,755,1176,37.94,358,388,261,133,578,
0.225806,6350,685,1751,39.12,174,594,29.29,421,602,69.93,1965,63.39,400,678,1078,34.77,361,411,156,73,649,6350,756,1679,45.03,207,565,36.64,532,754,70.56,2251,72.61,346,759,1105,35.65,407,362,199,103,578,
0.433333,6025,676,1620,41.73,195,554,35.20,505,706,71.53,2052,68.40,325,749,1074,35.80,347,433,148,154,631,6026,720,1698,42.40,155,463,33.48,464,711,65.26,2059,68.63,356,711,1067,35.57,378,376,200,95,605,
0.848485,6650,805,1843,43.68,193,574,33.62,349,510,68.43,2152,65.21,370,859,1229,37.24,491,347,156,98,490,6650,677,1796,37.69,162,576,28.12,341,487,70.02,1857,56.27,330,752,1082,32.79,323,376,174,100,544,
0.333333,6604,774,1931,40.08,265,863,30.71,428,686,62.39,2241,67.91,403,821,1224,37.09,410,501,219,164,570,6625,826,1985,41.61,252,740,34.05,472,660,71.52,2376,72.00,444,900,1344,40.73,449,498,248,112,604,
0.515152,6622,743,1727,43.02,134,395,33.92,401,624,64.26,2021,61.24,392,704,1096,33.21,344,423,227,114,593,6624,668,1575,42.41,191,520,36.73,469,721,65.05,1996,60.48,332,728,1060,32.12,357,465,195,114,527,
0.676471,6875,851,1953,43.57,310,860,36.05,455,669,68.01,2467,72.56,373,966,1339,39.38,435,438,190,260,484,6875,814,2107,38.63,216,669,32.29,349,528,66.10,2193,64.50,417,839,1256,36.94,393,384,230,103,592,
0.181818,6701,693,1781,38.91,211,669,31.54,422,655,64.43,2019,61.18,292,713,1005,30.45,379,473,218,48,668,6701,857,1778,48.20,179,498,35.94,489,743,65.81,2382,72.18,356,921,1277,38.70,450,516,224,139,621,
0.606061,6600,843,1820,46.32,245,670,36.57,459,677,67.80,2390,72.42,385,801,1186,35.94,461,464,229,146,573,6600,737,1813,40.65,210,635,33.07,452,645,70.08,2136,64.73,371,711,1082,32.79,417,448,239,105,584,
0.424242,6626,738,1694,43.57,284,746,38.07,437,577,75.74,2197,66.58,221,718,939,28.45,386,332,182,67,551,6625,813,1769,45.96,246,674,36.50,387,561,68.98,2259,68.45,338,820,1158,35.09,453,409,165,87,601,
0.548387,6224,881,1987,44.34,164,492,33.33,563,872,64.56,2489,80.29,465,779,1244,40.13,376,549,288,59,727,6225,829,1777,46.65,167,507,32.94,663,917,72.30,2488,80.26,309,806,1115,35.97,446,586,264,120,717,
0.593750,6425,775,1710,45.32,258,691,37.34,512,670,76.42,2320,72.50,274,717,991,30.97,482,422,235,91,552,6425,842,1846,45.61,247,639,38.65,356,529,67.30,2287,71.47,391,743,1134,35.44,434,468,189,74,607,
0.676471,6800,793,1813,43.74,192,526,36.50,551,833,66.15,2329,68.50,401,791,1192,35.06,425,500,257,78,726,6800,715,1749,40.88,215,666,32.28,588,821,71.62,2233,65.68,381,762,1143,33.62,409,533,233,109,682,
0.483871,6225,791,1703,46.45,194,515,37.67,430,651,66.05,2206,71.16,334,740,1074,34.65,459,432,185,95,554,6225,792,1783,44.42,203,577,35.18,401,574,69.86,2188,70.58,339,697,1036,33.42,367,398,227,100,584,
0.696970,6625,921,1929,47.74,217,582,37.29,514,679,75.70,2573,77.97,379,801,1180,35.76,477,396,187,82,561,6625,813,1876,43.34,187,582,32.13,444,637,69.70,2257,68.39,355,697,1052,31.88,411,427,180,126,574,
0.875000,6425,727,1606,45.27,216,632,34.18,573,766,74.80,2243,70.09,296,755,1051,32.84,410,397,219,79,592,6425,678,1636,41.44,160,518,30.89,405,586,69.11,1921,60.03,280,653,933,29.16,337,438,166,98,668,
0.852941,6800,972,2002,48.55,277,661,41.91,600,763,78.64,2821,82.97,348,922,1270,37.35,544,392,288,122,580,6800,779,1915,40.68,199,602,33.06,459,684,67.11,2216,65.18,337,760,1097,32.26,416,529,203,98,624,
0.709677,6200,751,1742,43.11,184,518,35.52,453,654,69.27,2139,69.00,362,777,1139,36.74,360,395,218,62,556,6200,694,1675,41.43,223,638,34.95,360,551,65.34,1971,63.58,306,733,1039,33.52,355,438,183,105,576,
0.696970,6625,824,1845,44.66,233,623,37.40,461,672,68.60,2342,70.97,466,758,1224,37.09,465,481,294,112,648,6625,684,1596,42.86,202,572,35.31,495,722,68.56,2065,62.58,280,679,959,29.06,408,527,215,111,620,
0.225806,6275,693,1760,39.38,194,569,34.09,464,659,70.41,2044,65.94,394,728,1122,36.19,342,423,152,75,599,6275,790,1723,45.85,238,675,35.26,498,726,68.60,2316,74.71,331,777,1108,35.74,449,351,198,121,578,
0.344828,5875,747,1720,43.43,182,524,34.73,510,838,60.86,2186,75.38,384,709,1093,37.69,363,487,229,143,678,5875,780,1749,44.60,187,538,34.76,586,854,68.62,2333,80.45,424,781,1205,41.55,425,479,254,89,670,
0.312500,6425,675,1629,41.44,239,753,31.74,348,503,69.18,1937,60.53,317,706,1023,31.97,394,440,134,64,507,6425,778,1696,45.87,196,574,34.15,360,505,71.29,2112,66.00,293,726,1019,31.84,439,349,214,109,524,
0.812500,6475,866,1754,49.37,176,485,36.29,574,866,66.28,2482,77.56,341,880,1221,38.16,431,418,214,134,577,6475,768,1894,40.55,198,610,32.46,410,634,64.67,2144,67.00,358,706,1064,33.25,384,419,213,92,685,
0.545455,6650,883,1931,45.73,193,511,37.77,543,786,69.08,2502,75.82,402,779,1181,35.79,459,434,248,140,633,6650,848,1945,43.60,224,577,38.82,575,786,73.16,2495,75.61,422,772,1194,36.18,448,452,212,114,651,
0.281250,6424,701,1833,38.24,139,513,27.10,469,709,66.15,2010,62.81,453,716,1169,36.53,321,511,222,69,640,6425,762,1657,45.99,244,647,37.71,519,774,67.05,2287,71.47,332,802,1134,35.44,459,509,234,113,622,
0.468750,6530,744,1806,41.20,210,667,31.48,427,609,70.11,2125,66.41,404,795,1199,37.47,403,471,193,112,585,6530,783,1857,42.16,210,644,32.61,384,586,65.53,2160,67.50,400,751,1151,35.97,432,421,228,113,584,
0.750000,6425,861,1819,47.33,153,459,33.33,449,659,68.13,2324,72.62,433,816,1249,39.03,534,449,215,99,565,6425,721,1780,40.51,215,662,32.48,381,534,71.35,2038,63.69,323,637,960,30.00,414,414,204,83,569,
0.633333,6025,650,1596,40.73,196,582,33.68,435,634,68.61,1931,64.37,337,752,1089,36.30,397,431,219,97,471,6025,665,1682,39.54,196,616,31.82,338,493,68.56,1864,62.13,348,719,1067,35.57,388,431,199,114,560,
0.354839,6230,727,1797,40.46,133,433,30.72,444,649,68.41,2031,65.52,364,725,1089,35.13,307,361,240,114,603,6230,701,1699,41.26,188,563,33.39,494,709,69.68,2084,67.23,377,818,1195,38.55,385,453,159,118,585,
0.516129,6275,747,1790,41.73,221,583,37.91,414,595,69.58,2129,68.68,335,768,1103,35.58,376,398,183,145,592,6275,733,1736,42.22,154,483,31.88,492,665,73.98,2112,68.13,325,809,1134,36.58,344,398,187,140,545,
0.741935,6275,905,1918,47.18,182,474,38.40,465,644,72.20,2457,79.26,394,802,1196,38.58,507,367,246,150,520,6275,751,1934,38.83,204,613,33.28,386,556,69.42,2092,67.48,468,713,1181,38.10,359,474,176,110,575,
0.375000,6475,740,1770,41.81,135,428,31.54,378,551,68.60,1993,62.28,423,659,1082,33.81,356,432,231,106,599,6475,692,1630,42.45,173,534,32.40,482,681,70.78,2039,63.72,376,694,1070,33.44,399,458,228,110,514,
0.241379,5800,614,1581,38.84,200,648,30.86,316,517,61.12,1744,60.14,294,604,898,30.97,323,423,186,74,566,5800,732,1533,47.75,168,461,36.44,465,676,68.79,2097,72.31,319,778,1097,37.83,414,407,226,100,512,
0.387097,6225,711,1687,42.15,138,466,29.61,507,700,72.43,2067,66.68,359,727,1086,35.03,387,442,212,134,572,6225,769,1749,43.97,194,527,36.81,425,594,71.55,2157,69.58,351,725,1076,34.71,430,427,222,105,629,
0.636364,6625,856,1928,44.40,193,616,31.33,458,652,70.25,2363,71.61,435,785,1220,36.97,464,402,236,90,477,6625,809,1887,42.87,199,620,32.10,342,508,67.32,2159,65.42,386,751,1137,34.45,428,453,215,133,567,
0.575758,6700,869,1933,44.96,200,581,34.42,387,540,71.67,2325,70.45,354,861,1215,36.82,520,409,184,133,560,6700,767,1926,39.82,243,763,31.85,428,609,70.28,2205,66.82,379,762,1141,34.58,424,397,199,58,560,
0.757576,6625,883,1951,45.26,194,619,31.34,470,703,66.86,2430,73.64,387,825,1212,36.73,473,437,267,124,657,6625,713,1811,39.37,202,689,29.32,515,740,69.59,2143,64.94,384,805,1189,36.03,370,553,199,141,635,
0.241379,5850,636,1638,38.83,146,470,31.06,489,712,68.68,1907,65.76,408,640,1048,36.14,263,438,181,83,543,5850,777,1697,45.79,165,498,33.13,444,621,71.50,2163,74.59,375,721,1096,37.79,414,379,182,102,542,
0.781250,6450,884,1807,48.92,229,587,39.01,487,668,72.90,2484,77.62,392,861,1253,39.16,447,446,205,225,572,6450,729,1900,38.37,220,660,33.33,430,636,67.61,2108,65.88,415,623,1038,32.44,406,389,193,77,595,
0.483871,6274,822,1852,44.38,169,557,30.34,483,717,67.36,2296,74.06,405,824,1229,39.65,507,521,232,177,603,6273,861,1992,43.22,218,641,34.01,461,684,67.40,2401,77.45,433,756,1189,38.35,507,445,267,136,642,
0.413793,5800,648,1624,39.90,149,503,29.62,361,615,58.70,1806,62.28,393,673,1066,36.76,330,503,195,97,546,5800,701,1648,42.54,157,530,29.62,446,666,66.97,2005,69.14,376,716,1092,37.66,376,432,250,105,567,
0.379310,5926,734,1707,43.00,144,423,34.04,435,597,72.86,2047,70.59,320,753,1073,37.00,410,382,151,94,553,5926,733,1697,43.19,166,479,34.66,455,636,71.54,2087,71.97,307,724,1031,35.55,355,355,189,151,540,
0.033333,6025,600,1546,38.81,204,581,35.11,280,439,63.78,1684,56.13,268,636,904,30.13,296,424,156,38,553,6025,743,1620,45.86,205,579,35.41,424,607,69.85,2115,70.50,337,760,1097,36.57,386,359,226,124,466,
0.161290,6325,694,1631,42.55,172,522,32.95,313,450,69.56,1873,60.42,239,687,926,29.87,345,482,178,70,504,6325,828,1825,45.37,223,605,36.86,388,547,70.93,2267,73.13,389,779,1168,37.68,440,397,243,126,497,
0.741935,6250,732,1647,44.44,237,656,36.13,391,532,73.50,2092,67.48,302,703,1005,32.42,396,275,174,112,507,6250,620,1484,41.78,127,380,33.42,375,543,69.06,1742,56.19,243,693,936,30.19,293,377,139,71,557,
0.696970,6650,873,1933,45.16,195,571,34.15,510,737,69.20,2451,74.27,423,807,1230,37.27,401,431,219,107,534,6650,855,1940,44.07,224,620,36.13,382,554,68.95,2316,70.18,364,766,1130,34.24,422,455,215,93,633,
0.647059,6849,871,1822,47.80,249,635,39.21,546,738,73.98,2537,74.62,372,932,1304,38.35,409,514,185,96,600,6850,834,1991,41.89,266,777,34.23,426,644,66.15,2360,69.41,348,684,1032,30.35,462,367,246,83,662,
0.266667,6025,668,1678,39.81,233,678,34.37,299,468,63.89,1868,62.27,297,635,932,31.07,340,350,181,80,659,6024,676,1524,44.36,226,585,38.63,522,755,69.14,2100,70.00,333,803,1136,37.87,366,406,142,102,467,
0.483871,6249,733,1720,42.62,177,507,34.91,386,516,74.81,2029,65.45,318,735,1053,33.97,403,333,190,81,510,6251,732,1678,43.62,180,512,35.16,327,512,63.87,1971,63.58,298,740,1038,33.48,354,369,157,107,497,
0.645161,6250,723,1648,43.87,201,587,34.24,372,565,65.84,2019,65.13,337,728,1065,34.35,399,346,172,78,529,6250,642,1573,40.81,182,514,35.41,398,595,66.89,1864,60.13,302,696,998,32.19,319,366,180,83,532,
0.375000,6450,795,1976,40.23,227,754,30.11,445,670,66.42,2262,70.69,468,819,1287,40.22,380,446,176,124,652,6450,843,1920,43.91,226,613,36.87,484,724,66.85,2396,74.88,396,800,1196,37.38,513,395,218,149,591,
0.437500,6424,749,1772,42.27,188,543,34.62,476,658,72.34,2162,67.56,352,708,1060,33.12,419,367,181,89,603,6425,752,1688,44.55,204,518,39.38,520,733,70.94,2228,69.62,345,779,1124,35.12,387,428,151,94,584,
0.266667,6025,636,1603,39.68,168,518,32.43,424,612,69.28,1864,62.13,316,609,925,30.83,328,412,231,84,610,6025,698,1534,45.50,134,430,31.16,475,683,69.55,2005,66.83,342,751,1093,36.43,370,463,181,129,542,
0.531250,6500,837,1905,43.94,177,475,37.26,590,823,71.69,2441,76.28,370,780,1150,35.94,452,439,222,137,691,6500,830,1917,1387.33,201,598,33.61,578,821,70.40,2439,2439.00,419,819,1238,1238.00,406,485,221,122,691,
0.363636,6650,801,1926,41.59,135,475,28.42,610,839,72.71,2347,71.12,450,844,1294,39.21,409,606,237,121,683,6650,903,2031,44.46,244,653,37.37,554,812,68.23,2604,78.91,420,808,1228,37.21,508,481,270,111,692,
0.709677,6201,769,1582,48.61,204,505,40.40,429,591,72.59,2171,70.03,272,739,1011,32.61,379,378,201,104,550,6200,668,1601,41.72,176,483,36.44,386,586,65.87,1898,61.23,308,622,930,30.00,305,398,172,79,550,
0.241379,5925,705,1555,45.34,135,389,34.70,382,551,69.33,1927,66.45,332,594,926,31.93,324,382,166,80,516,5925,743,1592,46.67,232,622,37.30,458,648,70.68,2176,75.03,337,593,930,32.07,461,321,204,109,489,
0.666667,6600,873,1945,44.88,263,725,36.28,428,670,63.88,2437,73.85,431,732,1163,35.24,444,463,310,97,728,6599,734,1688,43.48,206,642,32.09,588,857,68.61,2262,68.55,355,788,1143,34.64,381,569,204,87,635,
0.750000,5700,700,1456,48.08,174,487,35.73,500,653,76.57,2074,74.07,264,681,945,33.75,430,433,220,131,528,5700,619,1500,41.27,154,464,33.19,443,622,71.22,1835,65.54,295,572,867,30.96,334,422,180,106,563,
0.354839,6250,731,1775,41.18,191,637,29.98,488,687,71.03,2141,69.06,299,702,1001,32.29,406,407,226,108,553,6250,844,1894,44.56,212,635,33.39,430,606,70.96,2330,75.16,421,828,1249,40.29,481,448,222,124,557,
0.281250,6525,750,1844,40.67,258,693,37.23,396,562,70.46,2154,67.31,392,671,1063,33.22,397,511,254,76,631,6525,828,1715,48.28,196,546,35.90,522,751,69.51,2374,74.19,352,793,1145,35.78,471,517,254,109,533,
0.281250,6448,723,1766,40.94,203,633,32.07,408,642,63.55,2057,64.28,365,751,1116,34.88,390,552,251,82,666,6451,806,1779,45.31,216,629,34.34,487,736,66.17,2315,72.34,370,807,1177,36.78,464,490,248,109,601,
0.600000,7150,871,2040,42.70,255,710,35.92,601,831,72.32,2598,74.23,421,891,1312,37.49,494,447,263,93,661,7150,840,2044,41.10,209,675,30.96,514,730,70.41,2403,68.66,447,878,1325,37.86,480,532,201,122,703,
0.437500,6425,755,1782,42.37,122,453,26.93,568,839,67.70,2200,68.75,449,808,1257,39.28,439,510,202,115,609,6425,822,1853,44.36,194,558,34.77,450,669,67.26,2288,71.50,360,729,1089,34.03,479,442,265,125,695,
0.064516,6224,651,1717,37.91,135,437,30.89,443,725,61.10,1880,60.65,356,709,1065,34.35,269,642,214,98,670,6210,888,1912,46.44,223,582,38.32,543,855,63.51,2542,82.00,467,862,1329,42.87,566,488,334,168,629,
0.437500,6500,784,1666,47.06,186,573,32.46,385,609,63.22,2139,66.84,305,713,1018,31.81,489,460,206,135,512,6500,790,1762,44.84,213,586,36.35,402,577,69.67,2195,68.59,341,699,1040,32.50,401,423,200,65,514,
0.709677,6225,858,1799,47.69,232,627,37.00,517,779,66.37,2465,79.52,290,887,1177,37.97,521,454,216,154,433,6224,862,2094,41.17,209,598,34.95,324,467,69.38,2257,72.81,399,802,1201,38.74,437,428,233,86,630,
0.482759,5825,770,1743,44.18,252,635,39.69,295,477,61.84,2087,71.97,389,688,1077,37.14,426,462,201,101,550,5825,747,1639,45.58,161,442,36.43,468,641,73.01,2123,73.21,299,685,984,33.93,372,406,229,78,483,
0.393939,6650,784,1924,40.75,235,715,32.87,379,557,68.04,2182,66.12,450,716,1166,35.33,417,480,218,121,529,6650,864,1928,44.81,217,622,34.89,369,564,65.43,2314,70.12,453,783,1236,37.45,504,471,242,90,524,
0.606061,6600,735,1757,41.83,152,462,32.90,521,719,72.46,2143,64.94,424,821,1245,37.73,321,421,173,119,599,6600,671,1677,40.01,194,645,30.08,432,657,65.75,1968,59.64,307,707,1014,30.73,350,429,185,90,655,
0.750000,6551,754,1691,44.59,170,493,34.48,501,721,69.49,2179,68.09,394,797,1191,37.22,506,397,163,134,550,6550,711,1776,40.03,160,511,31.31,382,582,65.64,1964,61.38,369,667,1036,32.38,362,343,174,129,622,
0.500000,6425,732,1802,40.62,153,490,31.22,427,650,65.69,2044,63.88,407,745,1152,36.00,397,387,190,113,665,6425,686,1676,40.93,136,420,32.38,543,775,70.06,2051,64.09,367,784,1151,35.97,352,414,188,161,581,
0.531250,6500,739,1771,41.73,160,464,34.48,486,685,70.95,2124,66.38,395,768,1163,36.34,374,462,193,114,588,6503,740,1812,40.84,217,642,33.80,480,658,72.95,2177,68.03,408,745,1153,36.03,376,458,219,121,638,
0.727273,6625,920,2035,45.21,171,526,32.51,622,855,72.75,2633,79.79,446,821,1267,38.39,462,422,240,130,713,6624,781,1859,42.01,157,503,31.21,589,862,68.33,2308,69.94,380,746,1126,34.12,361,531,200,102,705,
0.750000,7300,942,2178,43.25,202,598,33.78,677,963,70.30,2763,76.75,555,895,1450,40.28,458,487,237,145,760,7279,878,2076,42.29,176,538,32.71,597,890,67.08,2529,70.25,474,828,1302,36.17,410,520,211,150,741,
0.533333,6100,661,1660,39.82,152,479,31.73,389,586,66.38,1863,62.10,428,741,1169,38.97,311,489,227,132,591,6100,606,1607,37.71,163,529,30.81,433,663,65.31,1808,60.27,360,680,1040,34.67,323,442,227,146,550,
0.419355,6225,637,1530,41.63,177,517,34.24,379,602,62.96,1830,59.03,300,678,978,31.55,375,481,184,96,624,6224,690,1633,42.25,165,470,35.11,474,700,67.71,2019,65.13,386,728,1114,35.94,362,429,236,106,570,
0.687500,6452,817,1791,45.62,213,532,40.04,557,778,71.59,2404,75.12,326,842,1168,36.50,484,416,197,81,573,6450,796,1885,42.23,227,660,34.39,422,593,71.16,2241,70.03,346,772,1118,34.94,461,437,209,102,658,
0.696970,6600,874,1754,49.83,204,526,38.78,465,653,71.21,2417,73.24,319,782,1101,33.36,510,455,232,156,558,6600,756,1835,41.20,203,623,32.58,434,606,71.62,2149,65.12,372,655,1027,31.12,432,433,240,129,609,
0.433333,6025,673,1601,42.04,164,459,35.73,439,628,69.90,1949,64.97,353,700,1053,35.10,343,450,193,132,606,6025,649,1634,39.72,153,458,33.41,532,748,71.12,1983,66.10,387,665,1052,35.07,331,394,214,117,575,
0.625000,6450,758,1717,44.15,131,461,28.42,522,765,68.24,2169,67.78,381,763,1144,35.75,385,405,198,115,550,6450,779,1821,42.78,172,538,31.97,388,607,63.92,2118,66.19,397,709,1106,34.56,355,377,187,110,593,
0.258065,6300,704,1771,39.75,175,558,31.36,308,529,58.22,1891,61.00,372,664,1036,33.42,366,338,236,97,570,6300,724,1669,43.38,180,520,34.62,445,661,67.32,2073,66.87,397,808,1205,38.87,430,400,164,109,492,
0.400000,6125,723,1618,44.68,171,483,35.40,499,727,68.64,2116,70.53,326,750,1076,35.87,369,441,161,59,544,6125,773,1725,44.81,209,579,36.10,431,579,74.44,2186,72.87,278,689,967,32.23,428,372,208,94,582,
0.387097,6200,683,1621,42.13,194,550,35.27,548,757,72.39,2108,68.00,370,669,1039,33.52,298,503,216,91,627,6200,772,1664,46.39,207,548,37.77,473,676,69.97,2224,71.74,326,661,987,31.84,439,443,216,108,644,
0.366667,6075,667,1530,43.59,202,609,33.17,431,624,69.07,1967,65.57,266,549,815,27.17,404,398,258,31,640,6076,709,1378,51.45,184,436,42.20,512,752,68.09,2114,70.47,257,691,948,31.60,371,496,183,74,562,
0.625000,6425,750,1692,44.33,240,656,36.59,423,577,73.31,2163,67.59,324,640,964,30.12,433,375,190,63,605,6425,648,1488,43.55,174,490,35.51,480,657,73.06,1950,60.94,275,701,976,30.50,352,501,159,79,583,
0.258065,6226,703,1739,40.43,164,532,30.83,413,638,64.73,1983,63.97,382,715,1097,35.39,369,436,229,82,615,6225,726,1640,44.27,221,633,34.91,488,690,70.72,2161,69.71,317,779,1096,35.35,431,449,236,130,569,
0.178571,5600,612,1565,39.11,168,534,31.46,347,494,70.24,1739,62.11,258,656,914,32.64,337,409,146,69,555,5601,757,1614,46.90,174,471,36.94,434,642,67.60,2122,75.79,335,774,1109,39.61,444,374,166,101,497,
0.636364,6675,871,1835,47.47,232,575,40.35,444,631,70.36,2418,73.27,359,814,1173,35.55,556,419,263,183,544,6675,722,1820,39.67,231,692,33.38,412,604,68.21,2087,63.24,381,710,1091,33.06,428,480,216,86,580,
0.516129,6210,667,1651,40.40,190,587,32.37,474,739,64.14,1998,64.45,400,701,1101,35.52,400,501,228,129,634,6225,692,1591,43.49,150,430,34.88,509,762,66.80,2043,65.90,321,725,1046,33.74,340,486,247,109,646,
0.515152,6675,828,1912,43.31,202,613,32.95,486,745,65.23,2344,71.03,395,781,1176,35.64,440,473,256,89,591,6673,858,1939,44.25,197,623,31.62,434,628,69.11,2347,71.12,404,834,1238,37.52,446,508,197,105,624,
0.516129,6250,721,1641,43.94,187,525,35.62,462,621,74.40,2091,67.45,283,738,1021,32.94,370,373,195,85,518,6250,725,1764,41.10,223,724,30.80,416,538,77.32,2089,67.39,367,715,1082,34.90,411,378,179,64,558,
0.625000,6475,740,1643,45.04,171,495,34.55,416,578,71.97,2067,64.59,303,678,981,30.66,383,380,228,115,500,6475,699,1699,1322.53,172,497,34.61,354,488,2333.80,1924,1924.00,389,678,1067,1067.00,351,449,193,97,597,
0.647059,6825,905,1962,46.13,207,557,37.16,474,735,64.49,2491,73.26,455,910,1365,40.15,483,557,268,189,631,6825,771,2034,37.91,226,719,31.43,463,698,66.33,2231,65.62,472,741,1213,35.68,443,518,268,109,650,
0.437500,6425,751,1700,44.18,210,589,35.65,513,729,70.37,2225,69.53,297,718,1015,31.72,446,482,247,90,641,6425,782,1682,46.49,196,552,35.51,502,759,66.14,2262,70.69,312,761,1073,33.53,448,499,246,89,613,
0.400000,6000,685,1629,42.05,174,515,33.79,458,654,70.03,2002,66.73,307,624,931,31.03,345,383,179,51,624,6000,713,1486,47.98,159,436,36.47,521,725,71.86,2106,70.20,254,730,984,32.80,373,432,175,130,579,
0.387097,6225,913,2104,43.39,249,754,33.02,479,714,67.09,2554,82.39,535,718,1253,40.42,443,394,248,136,615,6225,920,1954,47.08,191,557,34.29,516,746,69.17,2547,82.16,427,753,1180,38.06,508,420,185,124,574,
0.437500,6475,682,1568,43.49,205,590,34.75,427,587,72.74,1996,62.38,278,739,1017,31.78,333,411,159,120,582,6475,708,1691,41.87,181,531,34.09,427,621,68.76,2024,63.25,351,703,1054,32.94,387,337,218,110,539,
0.656250,6425,888,1946,45.63,300,819,36.63,305,416,73.32,2381,74.41,281,739,1020,31.88,403,359,184,158,542,6425,870,1969,44.18,176,533,33.02,405,628,64.49,2321,72.53,481,828,1309,40.91,406,421,188,81,461,
0.433333,6000,743,1657,44.84,168,521,32.25,389,572,68.01,2043,68.10,311,647,958,31.93,351,391,207,133,610,6000,670,1566,42.78,166,476,34.87,519,739,70.23,2025,67.50,352,690,1042,34.73,319,445,143,62,566,
0.300000,6050,723,1739,41.58,206,581,35.46,413,579,71.33,2065,68.83,302,719,1021,34.03,408,452,186,74,626,6050,776,1654,46.92,195,492,39.63,541,759,71.28,2288,76.27,278,806,1084,36.13,383,423,228,137,557,
0.423077,5225,564,1329,42.44,112,370,30.27,288,443,65.01,1528,58.77,292,560,852,32.77,303,418,194,74,476,5225,572,1301,43.97,122,364,33.52,338,514,65.76,1604,61.69,251,556,807,31.04,314,395,189,112,432,
0.870968,6250,837,1744,47.99,304,700,43.43,357,490,72.86,2386,76.97,327,735,1062,34.26,511,380,222,116,550,6249,672,1626,41.33,182,521,34.93,432,606,71.29,1996,64.39,307,653,960,30.97,349,429,196,86,508,
0.433333,6101,767,1789,42.87,197,558,35.30,331,500,66.20,2062,68.73,407,693,1100,36.67,331,444,269,121,535,6100,730,1656,44.08,178,524,33.97,392,595,65.88,2030,67.67,348,724,1072,35.73,396,472,218,94,484,
0.468750,6575,845,1801,46.92,186,486,38.27,499,720,69.31,2375,74.22,383,722,1105,34.53,423,481,201,75,696,6575,832,1797,46.30,227,608,37.34,583,849,68.67,2474,77.31,406,702,1108,34.62,460,446,237,109,624,
0.838710,6225,875,1795,48.75,263,639,41.16,451,590,76.44,2464,79.48,335,807,1142,36.84,512,359,160,166,521,6225,778,1840,42.28,119,421,28.27,372,572,65.03,2047,66.03,356,650,1006,32.45,299,346,173,74,549,
0.764706,6800,901,1996,45.14,202,619,32.63,606,844,71.80,2610,76.76,466,846,1312,38.59,453,468,228,168,607,6800,905,2009,45.05,186,544,34.19,419,625,67.04,2415,71.03,372,764,1136,33.41,433,446,231,116,692,
0.482759,5825,637,1538,41.42,159,488,32.58,316,483,65.42,1749,60.31,300,628,928,32.00,334,430,239,74,580,5825,560,1358,41.24,202,606,33.33,446,636,70.13,1768,60.97,270,685,955,32.93,331,495,165,89,501,
0.451613,6200,710,1554,45.69,183,521,35.12,450,643,69.98,2053,66.23,315,717,1032,33.29,333,425,176,76,518,6200,700,1640,42.68,230,643,35.77,368,498,73.90,1998,64.45,291,626,917,29.58,390,363,196,67,570,
0.676471,6875,897,1894,47.36,255,647,39.41,536,741,72.33,2585,76.03,386,826,1212,35.65,573,352,188,102,516,6876,853,1960,43.52,230,655,35.11,406,546,74.36,2342,68.88,363,734,1097,32.26,476,353,202,115,624,
0.588235,6850,789,1834,43.02,250,747,33.47,542,791,68.52,2370,69.71,379,862,1241,36.50,423,465,190,79,629,6850,832,1899,43.81,210,641,32.76,440,628,70.06,2314,68.06,313,808,1121,32.97,410,395,222,82,713,
0.343750,6425,691,1722,40.13,161,528,30.49,402,624,64.42,1945,60.78,398,761,1159,36.22,359,486,173,67,595,6425,801,1810,44.25,181,607,29.82,433,663,65.31,2216,69.25,379,766,1145,35.78,426,386,203,94,561,
0.500000,6050,740,1614,45.85,204,563,36.23,420,608,69.08,2104,70.13,300,678,978,32.60,411,405,192,83,629,6050,678,1529,44.34,170,494,34.41,500,690,72.46,2026,67.53,275,687,962,32.07,354,420,197,81,561,
0.433333,6050,611,1628,37.53,182,613,29.69,421,653,64.47,1825,60.83,383,701,1084,36.13,312,395,142,70,601,6050,639,1538,41.55,133,430,30.93,462,659,70.11,1873,62.43,295,764,1059,35.30,294,407,169,101,618,
0.612903,6300,910,2028,44.87,204,601,33.94,470,690,68.12,2494,80.45,436,764,1200,38.71,475,335,232,165,583,6300,825,1951,42.29,190,589,32.26,487,684,71.20,2327,75.06,452,777,1229,39.65,385,435,163,142,568,
0.787879,6750,820,1837,44.64,235,664,35.39,429,612,70.10,2304,69.82,300,791,1091,33.06,422,375,277,155,600,6750,716,1827,39.19,167,569,29.35,461,656,70.27,2060,62.42,438,817,1255,38.03,326,506,181,112,599,
0.125000,6425,645,1572,41.03,168,503,33.40,276,440,62.73,1734,54.19,278,706,984,30.75,346,464,137,59,562,6425,767,1711,44.83,195,581,33.56,408,605,67.44,2137,66.78,346,740,1086,33.94,478,328,215,95,492,
0.468750,6475,758,1716,44.17,178,526,33.84,439,644,68.17,2133,66.66,356,696,1052,32.88,474,457,248,95,599,6475,750,1708,43.91,212,607,34.93,472,694,68.01,2184,68.25,375,713,1088,34.00,415,457,234,114,594,
0.687500,6400,722,1601,45.10,262,712,36.80,430,606,70.96,2136,66.75,278,742,1020,31.88,444,373,213,80,528,6400,653,1627,40.14,176,552,31.88,389,570,68.25,1871,58.47,333,688,1021,31.91,390,414,176,78,561,
0.677419,6225,700,1667,41.99,227,619,36.67,423,621,68.12,2050,66.13,322,719,1041,33.58,421,420,246,90,614,6225,629,1575,39.94,163,500,32.60,500,745,67.11,1921,61.97,352,761,1113,35.90,323,504,224,145,558,
0.515152,6650,822,1765,46.57,140,461,30.37,457,722,63.30,2241,67.91,362,742,1104,33.45,402,574,341,122,690,6650,724,1705,42.46,179,551,32.49,540,804,67.16,2167,65.67,371,724,1095,33.18,431,594,228,91,612,
0.500000,5724,704,1494,47.12,171,464,36.85,386,573,67.36,1965,70.18,257,687,944,33.71,454,430,190,95,550,5725,712,1564,45.52,175,504,34.72,404,601,67.22,2003,71.54,282,635,917,32.75,382,367,211,81,487,
0.558824,6825,815,1867,43.65,186,556,33.45,472,693,68.11,2288,67.29,391,797,1188,34.94,465,445,223,150,611,6825,798,1899,42.02,158,508,31.10,439,670,65.52,2193,64.50,433,781,1214,35.71,390,453,245,130,625,
0.666667,6700,834,1839,45.35,262,645,40.62,477,645,73.95,2407,72.94,338,711,1049,31.79,500,340,261,71,563,6700,798,1786,44.68,164,518,31.66,358,526,68.06,2118,64.18,351,737,1088,32.97,446,476,187,120,569,
0.757576,6675,855,1794,47.66,176,546,32.23,444,720,61.67,2330,70.61,433,791,1224,37.09,448,443,248,150,536,6675,725,1791,40.48,217,625,34.72,372,539,69.02,2039,61.79,362,641,1003,30.39,410,442,199,103,599,
0.451613,6225,759,1664,45.61,150,410,36.59,460,641,71.76,2128,68.65,385,732,1117,36.03,425,471,187,145,503,6226,768,1782,43.10,190,568,33.45,424,576,73.61,2150,69.35,356,624,980,31.61,355,369,255,141,546,
0.735294,6825,809,1807,44.77,222,616,36.04,517,691,74.82,2357,69.32,376,796,1172,34.47,482,445,233,104,673,6825,707,1670,42.34,173,508,34.06,501,711,70.46,2088,61.41,291,716,1007,29.62,365,478,196,89,628,
0.741935,6250,700,1651,42.40,165,526,31.37,519,750,69.20,2084,67.23,382,749,1131,36.48,358,412,194,86,567,6250,654,1600,40.88,143,455,31.43,441,608,72.53,1892,61.03,296,688,984,31.74,313,430,206,123,631,
0.750000,6425,837,1779,47.05,199,540,36.85,599,825,72.61,2472,77.25,351,813,1164,36.38,421,438,184,167,615,6425,794,1932,41.10,202,606,33.33,418,661,63.24,2208,69.00,437,706,1143,35.72,382,434,217,124,674,
0.354839,6225,711,1632,43.57,208,607,34.27,383,542,70.66,2013,64.94,300,755,1055,34.03,410,360,143,54,503,6225,721,1655,43.56,230,634,36.28,333,482,69.09,2005,64.68,258,699,957,30.87,415,315,180,105,527,
0.531250,6501,792,1865,42.47,179,543,32.97,387,595,65.04,2180,68.12,416,768,1184,37.00,411,401,215,120,590,6500,745,1748,42.62,177,503,35.19,428,608,70.39,2117,66.16,345,763,1108,34.62,413,436,220,145,531,
0.387097,6273,738,1770,41.69,206,616,33.44,494,678,72.86,2176,70.19,384,716,1100,35.48,364,417,171,73,683,6275,746,1637,45.57,207,562,36.83,636,886,71.78,2335,75.32,309,743,1052,33.94,428,383,177,105,551,
0.300000,6000,671,1632,41.12,176,507,34.71,417,583,71.53,1935,64.50,277,693,970,32.33,385,424,216,85,563,6000,732,1645,44.50,197,563,34.99,479,647,74.03,2140,71.33,320,779,1099,36.63,414,427,206,100,529,
0.300000,6024,641,1560,41.09,161,517,31.14,454,712,63.76,1897,63.23,339,674,1013,33.77,296,420,195,101,520,6027,727,1632,44.55,174,495,35.15,381,552,69.02,2009,66.97,322,717,1039,34.63,373,416,201,138,584,
0.612903,6199,753,1791,42.04,167,492,33.94,500,708,70.62,2173,70.10,457,702,1159,37.39,370,458,263,131,613,6201,706,1632,43.26,168,503,33.40,513,747,68.67,2093,67.52,341,705,1046,33.74,362,504,207,107,623,
0.625000,6475,783,1770,44.24,214,629,34.02,451,675,66.81,2231,69.72,386,838,1224,38.25,469,467,199,112,640,6475,665,1673,39.75,186,586,31.74,479,727,65.89,1995,62.34,318,723,1041,32.53,349,458,196,102,607,
0.166667,6002,647,1675,38.63,140,512,27.34,368,616,59.74,1802,60.07,326,699,1025,34.17,363,489,177,114,502,6000,798,1799,44.36,184,554,33.21,393,623,63.08,2173,72.43,421,832,1253,41.77,443,443,272,114,551,
0.687500,6450,876,1985,44.13,246,663,37.10,484,665,72.78,2482,77.56,415,717,1132,35.38,488,416,350,149,617,6450,728,1780,40.90,168,545,30.83,482,689,69.96,2106,65.81,437,779,1216,38.00,356,629,198,99,603,
0.466667,6050,721,1710,42.16,212,574,36.93,573,769,74.51,2227,74.23,363,698,1061,35.37,351,364,166,67,554,6050,795,1716,46.33,177,480,36.88,430,613,70.15,2197,73.23,326,730,1056,35.20,368,405,202,115,632,
0.483871,6200,820,1961,41.82,216,675,32.00,371,571,64.97,2227,71.84,411,667,1078,34.77,306,382,269,188,549,6200,785,1754,44.75,159,460,34.57,468,688,68.02,2197,70.87,407,829,1236,39.87,394,508,200,114,506,
0.483871,6200,798,1786,44.68,159,487,32.65,390,545,71.56,2145,69.19,401,723,1124,36.26,465,394,155,108,524,6200,766,1758,43.57,150,498,30.12,366,545,67.16,2048,66.06,336,641,977,31.52,364,363,188,144,546,
0.750000,6575,883,1893,46.65,223,600,37.17,572,802,71.32,2561,80.03,400,883,1283,40.09,458,423,217,122,602,6575,803,1954,41.10,179,608,29.44,425,648,65.59,2210,69.06,368,742,1110,34.69,424,420,213,149,666,
0.588235,6826,832,1914,43.47,173,558,31.00,516,778,66.32,2353,69.21,430,807,1237,36.38,371,505,282,111,650,6825,770,1857,41.46,245,749,32.71,477,722,66.07,2262,66.53,414,792,1206,35.47,436,568,249,120,648,
0.241379,5828,638,1621,39.36,146,450,32.44,326,485,67.22,1748,60.28,349,564,913,31.48,368,485,237,90,546,5833,741,1550,47.81,152,473,32.14,409,603,67.83,2043,70.45,343,720,1063,36.66,476,508,228,109,460,
0.636364,6650,785,1783,44.03,218,575,37.91,477,652,73.16,2265,68.64,369,699,1068,32.36,386,415,205,86,615,6651,782,1767,44.26,192,562,34.16,451,647,69.71,2207,66.88,387,717,1104,33.45,378,456,204,111,637,
0.787879,6650,868,1930,44.97,222,624,35.58,668,1005,66.47,2626,79.58,500,789,1289,39.06,488,478,242,157,739,6650,763,1811,42.13,180,537,33.52,585,847,69.07,2291,69.42,392,728,1120,33.94,399,559,232,117,809,
0.451613,6250,692,1618,42.77,185,580,31.90,490,655,74.81,2059,66.42,284,768,1052,33.94,361,423,172,186,639,6250,704,1711,41.15,120,397,30.23,530,754,70.29,2058,66.39,350,734,1084,34.97,305,351,212,78,585,
0.437500,6426,779,1796,43.37,210,594,35.35,444,669,66.37,2212,69.12,337,744,1081,33.78,419,388,172,54,561,6424,793,1766,44.90,183,550,33.27,468,650,72.00,2237,69.91,324,797,1121,35.03,400,424,194,111,608,
0.322581,6225,734,1674,43.85,140,525,26.67,582,864,67.36,2190,70.65,313,734,1047,33.77,346,479,241,132,634,6225,803,1789,44.89,217,633,34.28,486,691,70.33,2309,74.48,362,767,1129,36.42,460,485,209,94,673,
0.322581,6200,665,1757,37.85,196,624,31.41,379,584,64.90,1905,61.45,344,720,1064,34.32,376,461,229,96,615,6200,691,1645,42.01,183,544,33.64,505,697,72.45,2070,66.77,335,837,1172,37.81,380,493,234,141,539,
0.625000,6400,815,1738,46.89,318,805,39.50,324,447,72.48,2272,71.00,234,626,860,26.88,499,304,228,76,530,6400,757,1638,46.21,224,569,39.37,388,555,69.91,2126,66.44,330,752,1082,33.81,463,440,151,96,477,
0.533333,6050,755,1736,43.49,150,452,33.19,447,687,65.07,2107,70.23,413,745,1158,38.60,384,430,235,107,629,6050,675,1637,41.23,223,641,34.79,461,699,65.95,2034,67.80,328,705,1033,34.43,413,453,186,127,594,
0.451613,6326,721,1802,40.01,230,661,34.80,490,709,69.11,2162,69.74,426,784,1210,39.03,335,438,180,122,551,6325,807,1861,43.36,221,624,35.42,390,586,66.55,2225,71.77,371,781,1152,37.16,453,395,207,140,624,
0.757576,6650,874,1892,46.19,222,673,32.99,449,625,71.84,2419,73.30,322,799,1121,33.97,539,387,257,115,671,6650,673,1693,39.75,188,575,32.70,565,804,70.27,2099,63.61,347,790,1137,34.45,341,519,156,89,581,
0.588235,6850,829,1805,45.93,146,438,33.33,556,849,65.49,2360,69.41,401,824,1225,36.03,464,530,255,133,631,6850,775,1874,41.36,207,654,31.65,477,668,71.41,2234,65.71,361,729,1090,32.06,388,520,241,82,681,
0.545455,6700,845,1957,43.18,183,628,29.14,393,632,62.18,2266,68.67,465,841,1306,39.58,449,432,182,100,600,6700,758,1849,41.00,213,629,33.86,455,662,68.73,2184,66.18,350,733,1083,32.82,413,388,214,104,552,
0.689655,5825,654,1460,44.79,199,525,37.90,470,691,68.02,1977,68.17,256,693,949,32.72,403,451,196,90,556,5825,650,1559,41.69,188,620,30.32,416,629,66.14,1904,65.66,333,680,1013,34.93,372,449,210,72,590,
0.774194,6225,735,1650,44.55,242,620,39.03,574,770,74.55,2286,73.74,313,713,1026,33.10,365,398,228,69,621,6226,699,1610,43.42,199,570,34.91,469,655,71.60,2066,66.65,301,702,1003,32.35,345,497,183,102,650,
0.612903,6252,660,1665,39.64,167,513,32.55,474,739,64.14,1961,63.26,396,780,1176,37.94,351,453,187,117,637,6249,668,1661,40.22,175,541,32.35,497,769,64.63,2008,64.77,352,745,1097,35.39,325,416,220,117,626,
0.516129,6300,753,1677,44.90,175,502,34.86,548,777,70.53,2229,71.90,371,702,1073,34.61,397,431,190,140,540,6300,776,1731,44.83,216,608,35.53,422,596,70.81,2190,70.65,340,672,1012,32.65,417,430,217,82,635,
0.483871,6200,727,1656,43.90,171,510,33.53,468,669,69.96,2093,67.52,333,808,1141,36.81,383,483,205,91,567,6200,766,1806,42.41,215,686,31.34,367,580,63.28,2114,68.19,367,714,1081,34.87,469,418,227,86,610,
0.533333,6049,682,1723,39.58,180,605,29.75,386,629,61.37,1930,64.33,363,765,1128,37.60,392,427,240,124,527,6053,649,1656,39.19,198,669,29.60,369,577,63.95,1865,62.17,359,797,1156,38.53,364,490,193,105,544,
0.812500,6475,867,1822,47.59,197,568,34.68,494,735,67.21,2425,75.78,317,846,1163,36.34,473,421,280,119,619,6475,684,1754,39.00,183,596,30.70,503,752,66.89,2054,64.19,368,770,1138,35.56,364,509,184,77,608,
0.500000,6148,617,1486,41.52,113,310,36.45,471,685,68.76,1818,60.60,314,739,1053,35.10,332,435,152,91,531,6150,665,1660,40.06,182,583,31.22,359,522,68.77,1871,62.37,343,667,1010,33.67,393,355,202,100,599,
0.468750,6450,850,1913,44.43,271,819,33.09,451,689,65.46,2422,75.69,382,739,1121,35.03,419,437,252,89,635,6450,830,1818,45.65,223,630,35.40,490,687,71.32,2373,74.16,342,795,1137,35.53,428,484,212,118,586,
0.437500,6400,725,1708,42.45,164,549,29.87,488,720,67.78,2102,65.69,368,738,1106,34.56,385,496,278,127,591,6400,723,1755,41.20,170,553,30.74,434,689,62.99,2050,64.06,427,729,1156,36.12,363,516,191,81,594,
0.406250,6475,759,1707,44.46,248,704,35.23,403,576,69.97,2169,67.78,297,724,1021,31.91,441,449,169,61,612,6475,797,1713,46.53,199,586,33.96,476,697,68.29,2269,70.91,314,748,1062,33.19,452,409,206,98,556,
0.705882,6952,853,1964,43.43,224,669,33.48,476,723,65.84,2406,70.76,458,779,1237,36.38,462,457,209,110,663,6951,763,1829,41.72,168,527,31.88,529,748,70.72,2223,65.38,389,761,1150,33.82,364,490,237,87,655,
0.714286,5600,587,1341,43.77,189,518,36.49,310,428,72.43,1673,59.75,249,602,851,30.39,330,369,218,89,466,5600,506,1279,39.56,113,342,33.04,339,463,73.22,1464,52.29,234,576,810,28.93,249,407,166,80,443,
0.687500,6425,817,1817,44.96,268,762,35.17,476,666,71.47,2378,74.31,324,828,1152,36.00,401,407,206,83,644,6425,751,1791,41.93,225,618,36.41,452,657,68.80,2179,68.09,316,774,1090,34.06,369,427,181,96,603,
0.677419,6250,874,1918,45.57,255,699,36.48,413,625,66.08,2416,77.94,401,803,1204,38.84,429,385,232,160,593,6250,745,1821,40.91,198,588,33.67,485,709,68.41,2173,70.10,404,750,1154,37.23,424,444,185,111,550,
0.562500,6452,784,1766,44.39,162,529,30.62,494,675,73.19,2224,69.50,367,743,1110,34.69,423,497,224,92,602,6447,790,1812,43.60,199,614,32.41,446,676,65.98,2225,69.53,393,700,1093,34.16,407,481,223,102,625,
0.941176,6875,952,1988,47.89,203,595,34.12,587,865,67.86,2694,79.24,486,920,1406,41.35,500,493,247,246,552,6875,795,2086,38.11,224,707,31.68,405,578,70.07,2219,65.26,437,702,1139,33.50,373,479,233,106,711,
0.687500,6500,709,1670,42.46,279,798,34.96,444,636,69.81,2141,66.91,326,775,1101,34.41,441,340,171,83,518,6500,731,1778,41.11,217,667,32.53,370,544,68.01,2049,64.03,385,731,1116,34.88,416,337,182,106,528,
0.517241,6000,689,1548,44.51,212,585,36.24,402,584,68.84,1992,68.69,266,646,912,31.45,365,331,180,89,516,6000,672,1564,42.97,188,542,34.69,430,583,73.76,1962,67.66,337,690,1027,35.41,343,383,161,89,524,
0.709677,6250,830,1815,45.73,213,588,36.22,465,652,71.32,2338,75.42,401,751,1152,37.16,459,381,268,123,557,6250,760,1777,42.77,138,457,30.20,379,574,66.03,2037,65.71,380,688,1068,34.45,387,447,214,107,561,
0.633333,6000,702,1578,44.49,144,411,35.04,509,719,70.79,2057,68.57,353,625,978,32.60,430,429,314,64,563,6000,644,1474,43.69,192,578,33.22,420,610,68.85,1900,63.33,312,643,955,31.83,425,552,196,156,596,
0.687500,6425,777,1725,45.04,188,570,32.98,499,707,70.58,2241,70.03,378,768,1146,35.81,420,415,232,112,545,6425,717,1701,42.15,218,638,34.17,400,537,74.49,2052,64.12,297,698,995,31.09,362,428,185,94,601,
0.612903,6300,780,1690,46.15,129,344,37.50,423,587,72.06,2112,68.13,349,735,1084,34.97,465,420,192,104,519,6299,690,1706,40.45,237,672,35.27,406,576,70.49,2023,65.26,360,642,1002,32.32,413,407,212,129,525,
0.676471,6800,826,1812,45.58,168,479,35.07,606,858,70.63,2426,71.35,383,910,1293,38.03,425,450,154,191,598,6800,776,1941,39.98,159,506,31.42,498,688,72.38,2209,64.97,353,749,1102,32.41,332,359,236,99,692,
0.266667,6025,593,1471,40.31,168,497,33.80,424,618,68.61,1778,59.27,279,672,951,31.70,321,478,189,61,607,6025,683,1526,44.76,172,482,35.68,448,654,68.50,1986,66.20,279,704,983,32.77,391,417,207,96,564,
0.266667,6025,697,1656,42.09,153,479,31.94,455,665,68.42,2002,66.73,338,648,986,32.87,390,401,181,110,611,6025,698,1532,45.56,176,478,36.82,520,741,70.18,2092,69.73,292,706,998,33.27,414,438,205,99,577,
0.612903,6275,819,1847,44.34,138,460,30.00,441,744,59.27,2217,71.52,442,898,1340,43.23,503,467,182,115,495,6275,766,1928,39.73,220,672,32.74,375,562,66.73,2127,68.61,357,755,1112,35.87,426,390,272,114,650,
0.516129,6425,790,1754,45.04,209,598,34.95,514,720,71.39,2303,74.29,323,818,1141,36.81,421,454,175,98,613,6425,791,1850,42.76,195,556,35.07,486,714,68.07,2263,73.00,368,766,1134,36.58,386,407,182,82,587,
0.794118,6825,917,1866,49.14,237,565,41.95,435,570,76.32,2506,73.71,352,855,1207,35.50,576,349,158,120,544,6825,732,1816,40.31,190,597,31.83,374,529,70.70,2028,59.65,315,676,991,29.15,378,381,165,108,538,
0.875000,6400,962,1865,51.58,215,558,38.53,468,697,67.14,2607,81.47,388,833,1221,38.16,620,483,320,210,468,6400,787,1973,39.89,247,797,30.99,319,500,63.80,2140,66.88,448,656,1104,34.50,507,520,267,74,584,
0.533333,6050,662,1551,42.68,107,360,29.72,358,550,65.09,1789,59.63,331,716,1047,34.90,282,434,171,132,531,6050,591,1540,38.38,149,461,32.32,384,584,65.75,1715,57.17,303,638,941,31.37,259,380,166,71,513,
0.266667,6000,654,1691,38.68,175,578,30.28,393,549,71.58,1876,62.53,316,666,982,32.73,315,383,211,74,569,6000,719,1634,44.00,203,584,34.76,469,667,70.31,2110,70.33,361,813,1174,39.13,427,433,175,100,540,
0.545455,6600,778,1813,42.91,190,590,32.20,541,739,73.21,2287,69.30,423,791,1214,36.79,413,449,231,89,623,6600,774,1856,41.70,207,598,34.62,440,635,69.29,2195,66.52,386,714,1100,33.33,415,437,213,110,625,
0.466667,6128,779,1824,42.71,220,577,38.13,424,626,67.73,2202,73.40,367,694,1061,35.37,431,370,172,137,632,6107,766,1685,45.46,165,406,40.64,508,759,66.93,2205,73.50,364,790,1154,38.47,380,433,156,125,592,
0.818182,6725,834,1922,43.39,229,682,33.58,511,734,69.62,2408,72.97,514,751,1265,38.33,518,387,185,132,605,6725,724,1707,42.41,179,538,33.27,478,693,68.98,2105,63.79,341,698,1039,31.48,380,447,196,85,690,
0.275862,5875,739,1749,42.25,198,592,33.45,329,512,64.26,2005,69.14,352,692,1044,36.00,414,525,201,73,588,5874,806,1737,46.40,189,538,35.13,456,697,65.42,2257,77.83,376,760,1136,39.17,456,459,262,106,487,
0.454545,6600,823,1889,43.57,269,809,33.25,390,631,61.81,2305,69.85,383,855,1238,37.52,483,538,199,82,626,6598,818,1938,42.21,331,945,35.03,412,616,66.88,2379,72.09,381,820,1201,36.39,478,485,268,113,621,
0.333333,6055,698,1739,40.14,176,587,29.98,445,689,64.59,2017,67.23,425,725,1150,38.33,399,459,198,105,650,6054,723,1642,44.03,187,524,35.69,525,770,68.18,2158,71.93,322,759,1081,36.03,371,406,216,101,611,
0.593750,6425,743,1837,40.45,267,744,35.89,513,702,73.08,2266,70.81,356,820,1176,36.75,352,432,223,98,686,6425,720,1767,40.75,187,601,31.11,513,765,67.06,2140,66.88,364,843,1207,37.72,389,465,190,105,622,
0.366667,6025,727,1670,43.53,181,497,36.42,453,619,73.18,2088,69.60,328,698,1026,34.20,455,415,202,142,560,6025,746,1690,44.14,192,514,37.35,460,671,68.55,2144,71.47,358,705,1063,35.43,417,403,217,90,549,
0.333333,6000,755,1743,43.32,183,525,34.86,339,528,64.20,2032,67.73,407,641,1048,34.93,356,430,221,108,607,6000,676,1542,43.84,191,531,35.97,561,794,70.65,2106,70.20,354,673,1027,34.23,375,427,221,104,489,
0.515152,6675,811,1914,42.37,218,646,33.75,455,661,68.84,2295,69.55,345,805,1150,34.85,411,425,225,101,582,6675,835,1900,43.95,230,650,35.38,462,659,70.11,2362,71.58,373,879,1252,37.94,475,463,203,115,599,
0.343750,6425,701,1678,41.78,144,447,32.21,481,743,64.74,2027,63.34,319,809,1128,35.25,361,497,176,127,610,6426,798,1871,42.65,240,650,36.92,443,683,64.86,2279,71.22,396,786,1182,36.94,471,391,225,98,637,
0.735294,6824,803,1818,44.17,161,502,32.07,634,920,68.91,2401,70.62,417,845,1262,37.12,410,478,231,140,624,6825,768,1936,39.67,186,590,31.53,466,677,68.83,2188,64.35,422,734,1156,34.00,363,463,235,124,763,
0.451613,6300,717,1749,40.99,200,607,32.95,443,607,72.98,2077,67.00,335,713,1048,33.81,370,359,152,113,553,6300,722,1675,43.10,208,535,38.88,455,633,71.88,2107,67.97,319,755,1074,34.65,382,401,170,94,560,
0.548387,6300,691,1628,42.44,215,613,35.07,462,598,77.26,2059,66.42,279,752,1031,33.26,327,384,171,119,571,6300,718,1729,41.53,199,584,34.08,425,637,66.72,2060,66.45,374,733,1107,35.71,370,355,180,69,550,
0.941176,6850,971,1988,48.84,247,604,40.89,591,843,70.11,2780,81.76,440,938,1378,40.53,583,441,286,218,621,6850,764,2025,37.73,213,646,32.97,428,632,67.72,2169,63.79,436,712,1148,33.76,425,480,219,128,687,
0.392857,5600,590,1452,40.63,135,359,37.60,371,553,67.09,1686,60.21,302,623,925,33.04,279,401,208,52,552,5600,618,1384,44.65,179,504,35.52,413,595,69.41,1828,65.29,255,661,916,32.71,331,407,187,95,498,
0.387097,6200,859,1963,43.76,217,632,34.34,362,554,65.34,2297,74.10,388,703,1091,35.19,524,475,221,69,652,6200,854,1781,47.95,169,461,36.66,560,818,68.46,2437,78.61,360,826,1186,38.26,423,504,224,136,512,
0.407407,5426,599,1568,38.20,108,371,29.11,472,743,63.53,1778,65.85,376,628,1004,37.19,288,444,249,143,550,5428,666,1570,42.42,140,448,31.25,409,653,62.63,1881,69.67,408,733,1141,42.26,378,511,225,136,561,
0.718750,6400,838,1863,44.98,129,377,34.22,549,762,72.05,2354,73.56,470,833,1303,40.72,430,442,227,67,610,6399,731,1767,41.37,198,562,35.23,453,683,66.33,2113,66.03,334,676,1010,31.56,367,459,202,98,654,
0.451613,6225,796,1748,45.54,202,509,39.69,495,680,72.79,2289,73.84,358,732,1090,35.16,416,392,145,81,521,6225,862,1901,45.34,223,606,36.80,395,625,63.20,2342,75.55,399,678,1077,34.74,507,313,198,72,560,
0.593750,6400,689,1406,49.00,251,635,39.53,450,630,71.43,2079,64.97,156,612,768,24.00,465,378,181,97,697,6400,645,1403,45.97,132,348,37.93,590,838,70.41,2012,62.88,279,674,953,29.78,257,410,167,84,612,
0.750000,6501,781,1693,46.13,174,519,33.53,639,890,71.80,2375,74.22,345,839,1184,37.00,386,469,142,94,573,6500,815,1892,43.08,162,504,32.14,429,607,70.68,2221,69.41,349,705,1054,32.94,361,409,229,123,719,
0.787879,6650,878,1779,49.35,237,620,38.23,441,641,68.80,2434,73.76,297,804,1101,33.36,484,375,235,136,502,6650,730,1779,41.03,224,657,34.09,336,474,70.89,2020,61.21,321,721,1042,31.58,408,469,167,65,596,
0.161290,6050,659,1635,40.31,228,663,34.39,287,463,61.99,1833,59.13,320,682,1002,32.32,369,505,194,105,571,6050,738,1692,43.62,180,553,32.55,455,675,67.41,2111,68.10,394,756,1150,37.10,441,429,277,95,493,
0.666667,6600,896,1940,46.19,279,753,37.05,524,745,70.34,2595,78.64,343,829,1172,35.52,476,426,196,108,572,6600,934,2074,45.03,255,716,35.61,446,647,68.93,2569,77.85,427,815,1242,37.64,535,443,187,83,618,
0.387097,6199,682,1689,40.38,196,630,31.11,416,607,68.53,1976,63.74,341,697,1038,33.48,405,447,226,69,565,6200,721,1628,44.29,192,585,32.82,431,643,67.03,2065,66.61,329,784,1113,35.90,436,463,236,123,544,
0.393939,6600,796,1810,43.98,189,605,31.24,429,628,68.31,2210,66.97,353,796,1149,34.82,462,477,204,140,532,6600,839,1981,42.35,200,592,33.78,429,617,69.53,2307,69.91,430,759,1189,36.03,460,399,254,84,576,
0.322581,6251,751,1796,41.82,196,565,34.69,426,638,66.77,2124,68.52,370,693,1063,34.29,391,396,195,151,524,6250,881,1916,45.98,199,592,33.61,402,611,65.79,2363,76.23,455,784,1239,39.97,519,389,201,112,532,
0.516129,6250,736,1692,43.50,225,691,32.56,454,640,70.94,2151,69.39,324,755,1079,34.81,422,384,159,96,578,6250,723,1717,42.11,201,600,33.50,473,658,71.88,2120,68.39,342,728,1070,34.52,396,370,185,79,596,
0.275862,5875,684,1645,41.58,227,644,35.25,461,629,73.29,2056,70.90,274,600,874,30.14,383,442,231,65,617,5875,799,1631,48.99,188,501,37.52,534,728,73.35,2320,80.00,336,783,1119,38.59,441,472,215,129,562,
0.419355,6250,766,1782,42.99,252,721,34.95,451,606,74.42,2235,72.10,324,742,1066,34.39,391,382,180,84,505,6250,829,1815,45.67,235,604,38.91,390,541,72.09,2283,73.65,325,776,1101,35.52,433,372,204,115,560,
0.379310,5900,610,1525,40.00,190,609,31.20,343,558,61.47,1753,60.45,324,620,944,32.55,344,449,232,87,545,5900,648,1493,43.40,192,555,34.59,396,560,70.71,1884,64.97,315,707,1022,35.24,424,485,204,102,552,
0.645161,6350,703,1605,43.80,196,587,33.39,360,587,61.33,1962,63.29,284,746,1030,33.23,385,412,175,151,529,6350,678,1693,40.05,109,396,27.53,389,572,68.01,1854,59.81,378,738,1116,36.00,303,428,191,93,565,
0.468750,6425,767,1810,42.38,211,635,33.23,415,623,66.61,2160,67.50,381,765,1146,35.81,438,466,186,227,517,6425,853,1990,42.86,193,574,33.62,396,588,67.35,2295,71.72,473,768,1241,38.78,434,390,259,102,556,
0.241379,5875,660,1498,44.06,130,368,35.33,411,566,72.61,1861,64.17,294,718,1012,34.90,340,528,165,112,585,5875,717,1671,42.91,191,563,33.93,500,735,68.03,2125,73.28,356,623,979,33.76,383,348,254,104,544,
0.344828,5825,883,2120,41.65,335,1026,32.65,468,687,68.12,2569,88.59,384,691,1075,37.07,422,426,301,144,594,5826,1066,2066,51.60,181,465,38.92,486,759,64.03,2799,96.52,463,966,1429,49.28,585,527,218,152,550,
0.218750,6450,782,1882,41.55,176,609,28.90,436,624,69.87,2176,68.00,385,668,1053,32.91,395,435,254,60,623,6450,868,1785,48.63,255,662,38.52,478,678,70.50,2469,77.16,358,834,1192,37.25,512,471,237,133,586,
0.677419,6250,774,1665,46.49,241,600,40.17,444,606,73.27,2233,72.03,331,711,1042,33.61,456,408,203,52,484,6250,719,1654,43.47,220,627,35.09,378,578,65.40,2036,65.68,313,636,949,30.61,380,434,216,86,589,
0.500000,6500,803,1869,42.96,185,545,33.94,446,624,71.47,2237,69.91,395,699,1094,34.19,355,408,220,94,606,6500,771,1720,44.83,229,644,35.56,476,684,69.59,2247,70.22,330,722,1052,32.88,424,464,187,87,549,
0.484848,6600,796,1802,44.17,214,614,34.85,477,637,74.88,2283,69.18,320,655,975,29.55,431,405,293,61,711,6600,750,1617,46.38,193,489,39.47,561,833,67.35,2254,68.30,352,767,1119,33.91,424,524,184,96,589,
0.875000,6400,688,1597,43.08,211,598,35.28,439,582,75.43,2026,63.31,305,734,1039,32.47,341,337,176,64,511,6400,625,1549,40.35,182,549,33.15,305,442,69.00,1737,54.28,257,687,944,29.50,277,392,141,61,588,
0.718750,6425,765,1730,44.22,197,591,33.33,569,861,66.09,2296,71.75,379,789,1168,36.50,391,392,211,109,593,6425,711,1729,41.12,195,580,33.62,459,650,70.62,2076,64.88,342,748,1090,34.06,392,452,201,139,710,
0.433333,6075,709,1736,40.84,246,704,34.94,474,665,71.28,2138,71.27,311,682,993,33.10,394,443,209,83,650,6075,764,1694,45.10,188,539,34.88,545,774,70.41,2261,75.37,369,818,1187,39.57,454,497,185,105,631,
0.483871,6250,773,1634,47.31,206,531,38.79,561,732,76.64,2313,74.61,228,656,884,28.52,443,409,256,70,659,6250,786,1702,46.18,184,531,34.65,543,780,69.62,2299,74.16,381,735,1116,36.00,413,469,208,112,644,
0.250000,5682,613,1551,39.52,166,479,34.66,392,570,68.77,1784,63.71,298,632,930,33.21,315,438,210,73,624,5677,686,1515,45.28,140,422,33.18,536,832,64.42,2048,73.14,358,739,1097,39.18,369,443,240,104,521,
0.033333,5825,545,1466,37.18,154,543,28.36,259,389,66.58,1503,50.10,234,633,867,28.90,317,475,169,107,590,5825,694,1560,44.49,195,531,36.72,451,682,66.13,2034,67.80,358,772,1130,37.67,398,359,239,101,429,
0.258065,6200,696,1803,38.60,148,515,28.74,426,610,69.84,1966,63.42,440,680,1120,36.13,286,444,186,97,593,6200,791,1707,46.34,220,622,35.37,424,632,67.09,2226,71.81,339,751,1090,35.16,423,433,242,150,537,
0.593750,6450,719,1879,38.27,122,479,25.47,438,678,64.60,1998,62.44,436,806,1242,38.81,341,395,280,130,600,6450,678,1705,39.77,174,591,29.44,434,649,66.87,1964,61.38,347,842,1189,37.16,380,497,204,115,583,
0.781250,6450,886,1895,46.75,281,744,37.77,504,714,70.59,2557,79.91,402,808,1210,37.81,653,431,250,84,641,6452,763,1775,42.99,199,600,33.17,491,720,68.19,2216,69.25,334,726,1060,33.12,526,496,202,92,658,
0.600000,6051,755,1742,43.34,207,597,34.67,453,632,71.68,2170,72.33,379,687,1066,35.53,454,422,227,100,570,6050,745,1646,45.26,197,516,38.18,448,638,70.22,2135,71.17,318,706,1024,34.13,356,456,208,93,560,
0.466667,6025,673,1598,42.12,194,537,36.13,405,589,68.76,1945,64.83,364,708,1072,35.73,393,415,149,98,523,6025,723,1675,43.16,203,583,34.82,368,522,70.50,2017,67.23,330,665,995,33.17,412,342,199,94,559,
0.531250,6450,713,1711,41.67,201,659,30.50,497,755,65.83,2124,66.38,370,756,1126,35.19,399,435,216,92,569,6450,743,1707,43.53,186,537,34.64,424,641,66.15,2096,65.50,322,759,1081,33.78,410,455,206,109,675,
0.266667,6050,654,1680,38.93,148,467,31.69,377,511,73.78,1833,61.10,337,666,1003,33.43,304,419,185,63,561,6050,694,1638,42.37,185,642,28.82,456,684,66.67,2029,67.63,404,759,1163,38.77,393,441,206,115,487,
0.433333,6026,609,1489,40.90,153,437,35.01,400,588,68.03,1771,59.03,274,694,968,32.27,317,383,198,128,555,6027,610,1520,40.13,135,427,31.62,449,657,68.34,1804,60.13,323,710,1033,34.43,334,376,183,110,531,
0.677419,6200,823,1815,45.34,204,607,33.61,422,640,65.94,2272,73.29,402,735,1137,36.68,439,460,299,150,542,6200,716,1710,41.87,143,486,29.42,404,597,67.67,1979,63.84,372,710,1082,34.90,363,542,248,97,571,
0.290323,6225,683,1681,40.63,172,558,30.82,427,667,64.02,1965,63.39,358,684,1042,33.61,312,485,178,82,591,6224,807,1791,45.06,191,571,33.45,465,673,69.09,2270,73.23,418,766,1184,38.19,426,427,234,81,565,
0.655172,5925,760,1735,43.80,126,402,31.34,470,712,66.01,2116,72.97,424,789,1213,41.83,342,440,213,155,583,5925,674,1758,38.34,164,568,28.87,473,678,69.76,1985,68.45,405,677,1082,37.31,322,410,205,111,607,
0.483871,6200,803,1734,46.31,161,474,33.97,406,614,66.12,2173,70.10,349,750,1099,35.45,458,446,180,119,598,6200,782,1747,44.76,186,559,33.27,432,672,64.29,2182,70.39,349,697,1046,33.74,404,417,226,108,562,
0.178571,5600,574,1506,38.11,102,347,29.39,263,401,65.59,1513,54.04,286,576,862,30.79,285,376,178,64,512,5600,648,1452,44.63,143,433,33.03,396,553,71.61,1835,65.54,306,714,1020,36.43,337,377,176,102,423,
0.468750,6402,823,1764,46.66,245,665,36.84,453,636,71.23,2344,73.25,328,709,1037,32.41,479,439,227,71,644,6400,790,1736,45.51,222,587,37.82,574,816,70.34,2378,74.31,370,707,1077,33.66,441,431,229,106,574,
0.718750,6400,801,1749,45.80,263,688,38.23,546,784,69.64,2411,75.34,341,699,1040,32.50,443,366,267,172,605,6400,715,1714,41.72,149,468,31.84,493,704,70.03,2072,64.75,398,711,1109,34.66,368,496,159,105,621,
0.322581,6200,632,1428,44.26,176,562,31.32,333,524,63.55,1773,57.19,220,631,851,27.45,389,394,155,51,547,6200,665,1474,45.12,225,648,34.72,402,590,68.14,1957,63.13,276,690,966,31.16,398,365,180,87,518,
0.625000,6475,793,1786,44.40,222,604,36.75,463,642,72.12,2271,70.97,364,755,1119,34.97,441,367,181,89,605,6475,725,1666,43.52,197,533,36.96,458,641,71.45,2105,65.78,291,721,1012,31.62,374,415,189,111,598,
0.533333,6100,745,1739,42.84,196,591,33.16,530,770,68.83,2216,73.87,367,715,1082,36.07,364,452,208,108,705,6100,733,1724,42.52,169,558,30.29,570,880,64.77,2205,73.50,425,771,1196,39.87,412,494,203,120,688,
0.818182,6650,907,1978,45.85,157,486,32.30,519,775,66.97,2490,75.45,427,838,1265,38.33,477,404,291,118,455,6650,843,1973,42.73,204,620,32.90,264,415,63.61,2154,65.27,358,772,1130,34.24,448,503,199,106,616,
0.258065,6250,630,1495,42.14,222,626,35.46,459,674,68.10,1941,62.61,265,712,977,31.52,357,504,173,78,638,6250,700,1609,43.51,267,721,37.03,558,772,72.28,2225,71.77,306,719,1025,33.06,452,400,256,84,627,
0.281250,6450,791,1849,42.78,231,611,37.81,447,665,67.22,2260,70.62,368,617,985,30.78,444,512,259,106,693,6450,903,1762,51.25,206,520,39.62,517,791,65.36,2529,79.03,392,803,1195,37.34,484,573,199,108,602,
0.366667,6025,633,1523,41.56,203,551,36.84,406,555,73.15,1875,62.50,299,623,922,30.73,386,476,174,76,603,6025,718,1579,45.47,198,561,35.29,470,656,71.65,2104,70.13,335,686,1021,34.03,416,407,222,104,544,
0.354839,6250,710,1610,44.10,212,611,34.70,441,602,73.26,2073,66.87,225,765,990,31.94,417,402,121,118,436,6250,856,1932,44.31,207,587,35.26,312,460,67.83,2231,71.97,382,775,1157,37.32,427,313,214,110,575,
0.500000,6433,875,1974,44.33,152,453,33.55,504,767,65.71,2406,75.19,484,859,1343,41.97,500,493,218,186,481,6430,865,2089,41.41,235,687,34.21,349,500,69.80,2314,72.31,426,739,1165,36.41,459,442,279,148,631,
0.718750,6425,779,1703,45.74,135,383,35.25,433,611,70.87,2126,66.44,378,707,1085,33.91,429,413,216,69,565,6426,670,1571,42.65,159,473,33.62,415,606,68.48,1914,59.81,297,638,935,29.22,311,466,197,125,584,
0.333333,6000,707,1640,43.11,150,479,31.32,480,727,66.02,2044,68.13,402,673,1075,35.83,415,429,133,61,543,6000,774,1712,45.21,196,571,34.33,443,635,69.76,2187,72.90,336,635,971,32.37,394,330,190,84,616,
0.406250,6475,888,1862,47.69,258,690,37.39,462,644,71.74,2496,78.00,356,663,1019,31.84,424,431,201,127,596,6475,908,1874,48.45,227,574,39.55,493,677,72.82,2536,79.25,391,719,1110,34.69,513,426,213,77,578,
0.483871,6351,793,1902,41.69,214,644,33.23,592,886,66.82,2392,77.16,466,760,1226,39.55,449,556,285,96,773,6342,785,1723,45.56,199,522,38.12,644,965,66.74,2413,77.84,350,805,1155,37.26,447,564,272,114,725,
0.593750,6399,762,1724,44.20,190,511,37.18,489,664,73.64,2203,68.84,326,747,1073,33.53,350,424,195,81,678,6401,680,1547,43.96,171,520,32.88,517,774,66.80,2048,64.00,269,739,1008,31.50,342,481,173,97,616,
0.218750,6450,639,1704,37.50,178,599,29.72,412,696,59.20,1868,58.38,388,704,1092,34.12,308,473,140,69,537,6450,840,1800,46.67,169,507,33.33,402,597,67.34,2251,70.34,360,820,1180,36.88,409,389,227,122,597,
0.354839,6200,620,1365,45.42,247,696,35.49,302,453,66.67,1789,57.71,192,675,867,27.97,405,399,162,53,443,6200,670,1601,41.85,261,723,36.10,280,427,65.57,1881,60.68,345,637,982,31.68,365,335,216,74,490,
0.823529,6799,948,1976,47.98,177,494,35.83,462,730,63.29,2535,74.56,459,891,1350,39.71,533,434,257,150,547,6800,745,1956,38.09,180,653,27.57,368,553,66.55,2038,59.94,415,723,1138,33.47,312,491,206,88,647,
0.343750,6425,696,1692,41.13,149,498,29.92,508,743,68.37,2049,64.03,376,715,1091,34.09,316,493,232,121,634,6425,756,1699,44.50,217,544,39.89,496,739,67.12,2225,69.53,357,733,1090,34.06,438,466,234,130,611,
0.484848,6625,836,1866,44.80,274,785,34.90,568,808,70.30,2514,76.18,402,825,1227,37.18,446,488,199,85,617,6625,887,2004,44.26,211,642,32.87,493,710,69.44,2478,75.09,405,744,1149,34.82,439,413,238,116,678,
0.545455,6700,812,1990,40.80,254,791,32.11,504,743,67.83,2382,72.18,429,797,1226,37.15,440,406,270,148,620,6700,832,1983,41.96,177,590,30.00,448,660,67.88,2289,69.36,465,865,1330,40.30,411,488,200,115,639,
0.516129,6299,759,1775,42.76,279,765,36.47,405,598,67.73,2240,72.26,374,774,1148,37.03,474,421,141,112,603,6300,748,1714,43.64,204,550,37.09,449,632,71.04,2200,70.97,289,751,1040,33.55,343,385,187,88,600,
0.468750,6450,894,1942,46.04,192,578,33.22,390,578,67.47,2370,74.06,371,777,1148,35.88,515,458,244,119,537,6450,864,1898,45.52,205,563,36.41,398,587,67.80,2331,72.84,350,762,1112,34.75,424,470,198,91,515,
0.354839,6225,690,1727,39.95,141,491,28.72,384,552,69.57,1905,61.45,396,718,1114,35.94,354,397,189,116,547,6225,722,1678,43.03,204,589,34.63,411,618,66.50,2059,66.42,362,722,1084,34.97,329,383,215,126,534,
0.322581,6250,703,1687,41.67,160,469,34.12,487,705,69.08,2053,66.23,396,694,1090,35.16,375,486,211,107,636,6250,768,1730,44.39,186,564,32.98,493,712,69.24,2215,71.45,387,715,1102,35.55,441,435,220,161,628,
0.500000,6426,687,1669,41.16,229,647,35.39,347,480,72.29,1950,60.94,312,711,1023,31.97,350,343,165,48,488,6425,682,1616,42.20,190,591,32.15,360,529,68.05,1914,59.81,310,748,1058,33.06,306,385,160,105,501,
0.548387,6251,768,1721,44.63,172,493,34.89,452,682,66.28,2160,69.68,367,821,1188,38.32,406,430,159,129,562,6250,738,1804,40.91,161,550,29.27,428,608,70.39,2065,66.61,354,718,1072,34.58,387,377,222,100,611,
0.233333,6104,662,1621,40.84,175,498,35.14,428,656,65.24,1927,64.23,335,691,1026,34.20,335,465,178,73,654,6105,738,1611,45.81,187,516,36.24,509,769,66.19,2172,72.40,332,763,1095,36.50,424,444,233,116,590,
0.625000,6450,929,1923,48.31,215,583,36.88,473,658,71.88,2546,79.56,349,832,1181,36.91,456,373,165,142,549,6450,880,1996,44.09,187,539,34.69,449,628,71.50,2396,74.88,384,746,1130,35.31,485,363,187,82,568,
0.516129,6250,679,1591,42.68,170,487,34.91,532,780,68.21,2060,66.45,349,735,1084,34.97,326,464,218,77,639,6250,677,1580,42.85,196,567,34.57,510,750,68.00,2060,66.45,295,703,998,32.19,370,444,208,119,651,
0.575758,6675,839,2046,41.01,182,546,33.33,464,642,72.27,2346,71.09,488,859,1347,40.82,452,453,249,212,707,6675,724,1829,39.58,156,536,29.10,612,894,68.46,2246,68.06,396,819,1215,36.82,402,446,232,173,582,
0.612903,6250,795,1667,47.69,209,539,38.78,456,648,70.37,2255,72.74,288,754,1042,33.61,442,459,231,178,614,6250,719,1815,39.61,177,536,33.02,459,644,71.27,2074,66.90,426,676,1102,35.55,352,442,192,73,574,
0.516129,6250,714,1692,42.20,183,523,34.99,434,681,63.73,2045,65.97,341,741,1082,34.90,352,415,235,143,543,6250,715,1749,40.88,149,487,30.60,380,554,68.59,1959,63.19,386,765,1151,37.13,362,478,184,88,623,
0.727273,6650,979,2089,46.86,187,542,34.50,536,845,63.43,2681,81.24,493,898,1391,42.15,478,459,258,190,650,6650,813,2021,40.23,185,576,32.12,489,713,68.58,2300,69.70,415,752,1167,35.36,377,496,245,122,693,
0.300000,6075,668,1550,43.10,138,389,35.48,470,652,72.09,1944,64.80,286,715,1001,33.37,423,431,153,50,642,6075,687,1567,43.84,197,571,34.50,497,690,72.03,2068,68.93,284,692,976,32.53,379,396,202,133,603,
0.878788,6650,839,1904,44.07,263,702,37.46,588,869,67.66,2529,76.64,436,842,1278,38.73,476,370,223,116,583,6650,769,1802,42.67,241,727,33.15,434,641,67.71,2213,67.06,308,780,1088,32.97,429,458,185,88,749,
0.548387,6225,724,1661,43.59,157,461,34.06,444,692,64.16,2049,66.10,350,717,1067,34.42,359,420,201,120,537,6225,742,1748,42.45,177,531,33.33,399,587,67.97,2060,66.45,391,721,1112,35.87,403,411,211,111,585,
0.413793,5875,643,1546,41.59,153,433,35.33,394,608,64.80,1833,63.21,362,701,1063,36.66,353,377,149,67,532,5875,621,1494,41.57,220,599,36.73,397,603,65.84,1859,64.10,272,658,930,32.07,363,348,173,91,549,
0.451613,6200,646,1500,43.07,132,452,29.20,427,636,67.14,1851,59.71,310,672,982,31.68,350,461,252,61,514,6200,669,1571,42.58,175,569,30.76,380,541,70.24,1893,61.06,314,657,971,31.32,358,443,208,83,555,
0.531250,6400,795,1767,44.99,119,378,31.48,549,795,69.06,2258,70.56,430,832,1262,39.44,443,481,214,248,507,6400,787,2005,39.25,197,612,32.19,373,529,70.51,2144,67.00,456,690,1146,35.81,403,405,255,133,653,
0.322581,6224,717,1641,43.69,168,515,32.62,480,685,70.07,2082,67.16,348,755,1103,35.58,367,518,199,106,546,6226,816,1853,44.04,232,622,37.30,459,652,70.40,2323,74.94,380,676,1056,34.06,483,361,281,121,587,
